43 
43 2147483647 
43 2147483647 2147483647 2147483647 
2147483647 43 2147483647 2147483647 2147483647 2147483647 2147483647 2147483647 
2147483647 2147483647 43 2147483647 2147483647 2147483647 2147483647 2147483647 2147483647 2147483647 2147483647 2147483647 2147483647 2147483647 2147483647 2147483647 

0 
43 0 
43 2147483647 0 2147483647 
2147483647 43 2147483647 2147483647 0 2147483647 2147483647 2147483647 
2147483647 2147483647 43 2147483647 2147483647 2147483647 2147483647 2147483647 0 2147483647 2147483647 2147483647 2147483647 2147483647 2147483647 2147483647 

ans: 2147483647
0 
11 0 
11 2147483647 0 2147483647 
11 43 2147483647 2147483647 0 2147483647 2147483647 2147483647 
2147483647 11 43 2147483647 2147483647 2147483647 2147483647 2147483647 0 2147483647 2147483647 2147483647 2147483647 2147483647 2147483647 2147483647 

5 
11 5 
11 2147483647 5 2147483647 
11 43 2147483647 2147483647 5 2147483647 2147483647 2147483647 
2147483647 11 43 2147483647 2147483647 2147483647 2147483647 2147483647 5 2147483647 2147483647 2147483647 2147483647 2147483647 2147483647 2147483647 

5 
11 5 
11 30 5 2147483647 
11 43 2147483647 30 5 2147483647 2147483647 2147483647 
2147483647 11 43 2147483647 2147483647 2147483647 30 2147483647 5 2147483647 2147483647 2147483647 2147483647 2147483647 2147483647 2147483647 

5 
11 5 
11 30 5 2147483647 
11 43 2147483647 30 5 2147483647 2147483647 2147483647 
2147483647 11 43 2147483647 2147483647 2147483647 30 32 5 2147483647 2147483647 2147483647 2147483647 2147483647 2147483647 2147483647 

11 
11 22 
11 30 22 2147483647 
11 43 2147483647 30 22 2147483647 2147483647 2147483647 
2147483647 11 43 2147483647 2147483647 2147483647 30 32 22 2147483647 2147483647 2147483647 2147483647 2147483647 2147483647 2147483647 

ans: 22
ans: 22
11 
11 22 
11 30 22 2147483647 
11 43 2147483647 30 22 2147483647 2147483647 2147483647 
27 11 43 2147483647 2147483647 2147483647 30 32 22 2147483647 2147483647 2147483647 2147483647 2147483647 2147483647 2147483647 

ans: 11
ans: 11
ans: 11
ans: 30
11 
11 22 
11 29 22 2147483647 
11 43 2147483647 29 22 2147483647 2147483647 2147483647 
27 11 43 2147483647 2147483647 2147483647 30 29 22 2147483647 2147483647 2147483647 2147483647 2147483647 2147483647 2147483647 

11 
11 22 
11 29 22 2147483647 
11 43 2147483647 29 22 2147483647 2147483647 2147483647 
41 11 43 2147483647 2147483647 2147483647 30 29 22 2147483647 2147483647 2147483647 2147483647 2147483647 2147483647 2147483647 

ans: 2147483647
11 
11 22 
11 30 22 2147483647 
11 43 2147483647 30 22 2147483647 2147483647 2147483647 
41 11 43 2147483647 2147483647 2147483647 30 30 22 2147483647 2147483647 2147483647 2147483647 2147483647 2147483647 2147483647 

ans: 2147483647
ans: 11
ans: 30
ans: 11
11 
11 22 
11 19 22 2147483647 
11 43 19 30 22 2147483647 2147483647 2147483647 
41 11 43 2147483647 2147483647 19 30 30 22 2147483647 2147483647 2147483647 2147483647 2147483647 2147483647 2147483647 

11 
11 22 
11 19 22 2147483647 
11 43 19 30 22 2147483647 2147483647 2147483647 
41 11 43 2147483647 2147483647 19 30 49 22 2147483647 2147483647 2147483647 2147483647 2147483647 2147483647 2147483647 

11 
11 22 
11 19 22 2147483647 
11 43 19 30 22 2147483647 2147483647 2147483647 
41 11 43 2147483647 47 19 30 49 22 2147483647 2147483647 2147483647 2147483647 2147483647 2147483647 2147483647 

ans: 22
ans: 19
6 
11 6 
11 19 6 2147483647 
11 43 19 30 6 2147483647 2147483647 2147483647 
41 11 43 2147483647 47 19 30 49 22 6 2147483647 2147483647 2147483647 2147483647 2147483647 2147483647 

ans: 19
6 
19 6 
38 19 6 2147483647 
38 43 19 30 6 2147483647 2147483647 2147483647 
41 38 43 2147483647 47 19 30 49 22 6 2147483647 2147483647 2147483647 2147483647 2147483647 2147483647 

ans: 19
6 
6 6 
6 19 6 2147483647 
38 6 19 30 6 2147483647 2147483647 2147483647 
41 38 43 6 47 19 30 49 22 6 2147483647 2147483647 2147483647 2147483647 2147483647 2147483647 

6 
6 6 
6 19 6 2147483647 
38 6 19 30 6 2147483647 2147483647 2147483647 
41 38 27 6 47 19 30 49 22 6 2147483647 2147483647 2147483647 2147483647 2147483647 2147483647 

ans: 6
6 
6 6 
6 19 6 2147483647 
10 6 19 30 6 2147483647 2147483647 2147483647 
10 38 27 6 47 19 30 49 22 6 2147483647 2147483647 2147483647 2147483647 2147483647 2147483647 

ans: 38
ans: 19
6 
6 6 
6 19 6 2147483647 
10 6 19 30 6 2147483647 2147483647 2147483647 
10 38 27 6 47 19 30 49 25 6 2147483647 2147483647 2147483647 2147483647 2147483647 2147483647 

6 
6 6 
6 18 6 2147483647 
10 6 19 18 6 2147483647 2147483647 2147483647 
10 38 27 6 47 19 30 18 25 6 2147483647 2147483647 2147483647 2147483647 2147483647 2147483647 

6 
10 6 
10 18 6 2147483647 
10 27 19 18 6 2147483647 2147483647 2147483647 
10 38 27 37 47 19 30 18 25 6 2147483647 2147483647 2147483647 2147483647 2147483647 2147483647 

6 
18 6 
27 18 6 2147483647 
38 27 19 18 6 2147483647 2147483647 2147483647 
45 38 27 37 47 19 30 18 25 6 2147483647 2147483647 2147483647 2147483647 2147483647 2147483647 

ans: 27
ans: 18
6 
18 6 
27 18 6 2147483647 
30 27 19 18 6 2147483647 2147483647 2147483647 
30 38 27 37 47 19 30 18 25 6 2147483647 2147483647 2147483647 2147483647 2147483647 2147483647 

6 
18 6 
27 18 6 2147483647 
30 27 19 18 6 2147483647 2147483647 2147483647 
30 38 27 37 47 19 28 18 25 6 2147483647 2147483647 2147483647 2147483647 2147483647 2147483647 

6 
18 6 
27 18 6 2147483647 
30 27 19 18 6 2147483647 2147483647 2147483647 
30 38 27 37 47 19 28 18 47 6 2147483647 2147483647 2147483647 2147483647 2147483647 2147483647 

6 
18 6 
27 18 6 2147483647 
30 27 19 18 6 2147483647 2147483647 2147483647 
30 38 27 37 47 19 28 18 38 6 2147483647 2147483647 2147483647 2147483647 2147483647 2147483647 

6 
18 6 
27 18 6 2147483647 
30 27 19 18 6 2147483647 2147483647 2147483647 
30 38 27 37 47 19 28 18 43 6 2147483647 2147483647 2147483647 2147483647 2147483647 2147483647 

ans: 19
