5534 6984 5857 7530
0 5368 505 5736
6928 860 7087 1042
3971 4279 4815 4950
0 7954 3671 7962
9516 6395 10000 6770
3899 1643 3979 1844
9324 3457 10000 4109
1215 2649 2922 2828
1059 5788 2076 6156
7938 9072 8889 10000
973 954 1832 1786
2970 3173 3582 3968
7996 0 8322 3335
5362 8095 5704 8644
5710 4712 6014 5019
3679 7410 4356 8305
8333 381 10000 612
7230 8675 8514 8997
1281 0 2499 579
9588 667 10000 2955
2747 8704 5889 9364
4990 7534 6270 8086
8322 613 9012 1153
5432 2122 6397 2775
7448 8291 9060 8624
3591 3026 3812 3585
6566 8961 7229 9429
6319 3368 6710 3971
9554 6771 10000 8682
0 8848 2398 9347
2731 845 3489 1508
8329 0 10000 348
488 7370 1866 7951
5843 5021 6555 6789
4447 1906 5432 4077
4486 5763 5820 6233
6617 6915 7395 8628
7397 4730 7951 7522
2499 0 3225 555
0 8210 3656 8686
8582 1995 8840 2379
779 11 1277 439
7313 3455 8487 4460
508 7984 2084 8203
9044 5469 9445 5671
6802 0 6927 3632
3522 0 4901 1524
9031 801 9449 2522
5739 4011 7268 4513
1993 705 1994 706
4225 9413 6207 10000
2147 627 2724 1628
8970 8692 9717 10000
2168 4149 3010 6329
580 2072 4393 2601
9868 8762 10000 10000
0 2828 2541 4149
3093 4103 3958 4902
9484 4399 9497 8272
9449 1266 9572 1901
2819 1549 3023 1877
5959 7070 6583 7487
7448 9037 7925 10000
0 0 377 2741
0 4166 99 4353
0 6607 3779 7327
9567 4135 10000 6394
7992 6350 9465 7778
7459 0 7983 3133
4901 0 6779 1897
8542 1306 8764 1458
