92717 3130
1615 305
2449 1546
2289 3031
2229 3122
2534 3624
3800 570
4259 1853
4673 1044
2860 4678
184 5311
2198 5952
1843 6163
6435 5177
6493 1969
6523 3004
6689 218
5874 6782
6635 6906
3535 6958
287 7181
4316 7339
7364 3552
2606 7382
7592 127
7677 7439
4302 8084
8293 488
311 8360
2162 8443
8474 3073
8502 7648
8677 258
7180 8691
5094 8710
8765 7559
8958 2734
9103 7683
9065 9116
9135 5847
9162 3373
2834 9357
672 9840
6291 9991
10236 7559
5770 10377
8711 10499
10746 7844
9237 11017
62 11147
11160 10489
4364 11245
11281 10344
11687 3240
11825 2579
6651 11991
4879 11992
12509 7932
12729 4382
12822 12199
6321 13034
4067 13035
13123 11103
13131 7825
6874 13165
2452 13405
7143 13425
13522 9575
11002 13530
13557 5736
13635 7064
12042 13641
938 13751
13874 9033
6603 13956
13956 12572
14233 1692
14579 3159
14623 14579
8540 14723
4443 14898
14975 14605
15144 8370
10246 15166
15175 13193
1009 15274
15296 7958
15548 9883
4258 15568
15748 13880
9772 15909
8224 15975
12376 16045
5767 16106
14949 16143
6631 16164
6293 16219
16379 5475
16429 4817
7894 16431
13089 16477
16672 7341
3694 16676
9650 16783
7859 16942
4697 17246
17294 7762
9686 17354
327 17590
17606 5496
17666 693
1826 17711
9807 17823
17868 10878
8366 17930
3513 17945
6853 18000
10667 18045
1642 18047
17003 18057
6324 18091
18218 11427
18239 17041
18267 13931
17930 18296
18405 17165
9009 18624
18628 11110
18720 11429
7608 18743
9102 18788
18800 13450
12101 18813
18919 12539
5701 18965
19029 12602
19197 10996
19296 6404
19346 15893
2433 19407
19637 1316
15050 19650
862 19671
19793 13758
2062 19823
2699 20119
17436 20176
20178 6591
20180 1665
20237 8683
20080 20254
9848 20295
9307 20396
17384 20452
9337 20508
2412 20640
16046 20703
20763 8820
20824 9642
20871 2915
20515 20931
15511 21027
21193 6037
6378 21221
20361 21227
21028 21266
21275 4410
21288 19576
21332 11330
21395 17648
7097 21454
4266 21514
20203 21557
21562 20962
2643 21565
21592 20254
21595 14689
21661 11779
21726 13493
21812 19889
21817 8109
21957 8358
4941 22072
17789 22119
12023 22181
22197 4544
9661 22249
22349 10706
17184 22404
22538 6625
2894 22674
21887 22714
8818 22881
11385 22920
143 22968
17204 22996
23017 14508
20014 23063
23071 14010
15394 23080
23182 20101
23463 7423
17373 23510
8584 23525
3348 23557
21645 23618
3347 23707
23731 11997
22796 23824
23885 13693
23909 11224
10046 23948
20429 23981
7701 23991
24055 13205
24157 8136
24286 7276
24339 11555
24351 8212
24408 2540
24436 14138
24484 10339
24505 15287
24536 11286
3178 24541
24548 15307
10896 24567
24591 15188
24668 6289
24711 9629
24822 13504
24843 22643
24956 24728
25003 23520
7539 25086
7391 25242
13778 25362
25364 5313
25423 7334
25426 12327
25432 11182
18009 25466
25485 22206
20408 25516
12433 25521
25539 2523
25564 495
18910 25622
21531 25750
25758 24668
6466 25764
25906 23148
25912 10355
7991 25989
14550 26062
25438 26108
26119 16499
20040 26288
25241 26332
24058 26427
16250 26442
17051 26442
12257 26452
26474 19479
26506 12255
26553 13459
26568 9440
26598 22298
21696 26609
10642 26712
14037 26721
26884 10931
13855 26890
26995 21632
27004 19149
8206 27107
27127 704
5595 27199
18812 27212
27340 18975
2301 27394
27483 8571
3456 27507
24786 27559
27626 27338
3293 27670
27751 24200
2171 27801
149 27846
27914 16595
18971 27929
27941 4389
27972 7836
3543 28028
22017 28078
26644 28198
13670 28331
3922 28337
28350 5975
14563 28388
5167 28437
26258 28527
9020 28548
28559 11792
4116 28588
28603 26469
28661 28517
9378 28696
27682 28723
22449 28757
28826 28379
17645 28839
28901 21590
28988 6959
6037 29013
4712 29022
24323 29112
104 29183
29213 10676
29227 1830
29310 17654
8770 29336
3592 29411
27676 29428
29450 11866
26939 29479
26583 29588
1761 29592
26189 29650
29656 17054
5674 29661
29740 6028
10075 29769
29789 19091
136 29920
29978 21328
30080 11675
30091 16824
28013 30363
19494 30392
30408 7773
30411 20581
30520 15011
30594 1650
30598 25967
30619 10428
30792 30368
5085 30800
24787 30860
30964 14632
10277 30968
31038 21170
31126 2257
31189 15665
31259 25333
31307 15149
31315 13973
31366 25906
31391 19124
7843 31599
31625 23038
16599 31652
16432 31655
24824 31682
19847 31694
5009 31709
31723 7041
29251 31802
31806 31170
31838 18184
31861 14127
31912 5882
32026 8383
32216 19297
29402 32237
32240 19039
18105 32248
9439 32256
7730 32259
32332 11751
32343 431
17238 32432
32443 23710
23215 32522
11458 32549
3458 32621
14408 32900
16218 32931
26680 32938
24770 32972
32999 19925
33017 18704
1626 33024
19885 33066
17884 33096
33108 19951
29788 33358
33412 18455
18561 33441
32004 33502
9598 33563
33656 17138
33698 30310
33729 29903
33737 19071
7627 33776
19405 33793
5925 33806
33815 23354
33864 1846
33955 22790
2900 33963
33999 32554
30444 34055
34075 22280
34087 28193
34103 2908
34149 2499
34225 30119
32760 34237
34240 31129
1439 34244
28780 34291
34153 34313
34362 33294
34459 5557
8941 34562
29610 34590
34604 3935
34611 8410
34722 13892
17974 34736
20493 34801
34839 3776
34850 21317
34857 31139
34920 34555
33928 34938
12337 35105
17287 35117
35123 18671
9162 35138
32124 35165
35244 4591
35406 4393
22869 35530
25328 35568
16148 35587
8413 35614
33275 35662
19699 35668
35672 4651
8594 35740
35755 15791
35783 21662
19169 35797
25873 35886
35899 21907
35901 32302
35908 31205
3174 35942
35990 21974
36037 26221
36039 12596
36048 4888
17915 36215
36260 5863
36271 1100
13845 36277
34623 36358
2419 36431
15801 36447
34062 36498
13658 36634
36651 26786
36679 15128
11605 36680
36700 6100
25123 36710
26926 36755
36758 23613
34610 36851
36881 8947
13479 36892
19887 37048
21071 37149
37194 23915
37199 22741
37214 22838
37217 10993
7750 37224
37240 2224
37290 15491
11174 37314
37320 31089
23630 37414
37458 18845
37551 19434
18223 37581
16830 37587
37590 36000
14384 37605
37702 36442
5651 37718
24482 37741
18903 37760
15659 37772
37773 14856
37789 8331
37829 33462
37851 3257
37907 13459
37953 4984
37962 10274
37978 12715
37988 4130
38098 21000
16137 38150
38175 37220
9486 38176
34872 38186
23721 38247
38316 1372
38365 13240
1512 38372
38402 36676
38433 17091
29979 38515
36397 38545
38601 26921
16507 38608
38620 33002
5006 38651
38697 13109
38853 23223
21541 38859
19917 38881
7179 38883
38893 29856
152 38934
38937 24431
38967 11143
38991 9392
18200 38999
36359 39010
39046 6113
39058 24583
6167 39060
39095 8319
39158 25943
1506 39185
39205 34472
39245 1807
39248 13638
39329 666
15909 39449
39553 4438
39611 7112
39625 21426
39683 20683
39733 15711
39737 29579
33172 39739
19544 39766
14175 39827
39869 4018
39874 20187
8653 39945
3517 39958
27563 39973
40003 13795
13471 40097
19714 40144
40160 10539
40309 12561
40310 35245
40332 23173
6586 40360
27028 40376
40424 23365
40431 4093
40467 6866
32069 40499
40530 9991
40549 39379
37586 40672
40721 8537
8135 40775
30099 40808
18334 40831
41033 19615
41084 14014
41127 13248
32780 41183
41190 32463
41198 21856
39691 41204
41222 19647
41251 17867
33172 41251
41251 39842
15188 41299
41331 3460
41419 37928
35274 41429
41485 25043
30465 41499
41516 34125
41525 18642
37064 41547
29502 41552
41561 21731
41608 3158
20536 41617
41639 16436
6585 41664
41670 40998
34148 41735
41757 36493
41798 12326
31908 41821
4361 41868
41876 23363
41888 39064
41906 25355
25874 41914
41927 4622
31515 41956
41972 41639
19068 41990
42065 19926
7647 42081
42081 25218
15503 42138
42141 22923
42152 18801
6441 42205
42225 22171
12238 42232
42247 26575
42254 34265
42268 14871
17681 42308
27333 42313
42315 41137
28682 42321
37125 42370
35228 42397
16077 42402
42415 21034
35448 42420
42478 25078
42490 2375
38410 42545
35524 42603
15818 42628
42651 8576
42653 23
42657 2480
30506 42665
3953 42692
42703 5508
41045 42750
10195 42781
32750 42834
42899 42418
34815 42921
26899 42953
42965 33695
7364 42970
25093 42977
42986 836
36209 43002
43023 34479
43049 12224
43070 6209
36731 43135
30307 43164
43199 3142
32406 43205
10579 43321
43428 30530
10352 43478
43523 24266
43595 41378
43161 43650
35073 43659
37582 43666
43713 31406
30807 43716
43751 36247
43792 18371
11713 43826
19200 43832
43926 41839
13990 43962
10704 43985
44043 33968
32669 44119
5356 44136
39659 44154
44169 32836
44173 7217
44186 11306
44191 2267
44259 4102
38589 44278
20817 44284
44352 38346
44365 22591
1609 44414
27367 44420
3554 44424
44363 44547
25598 44561
10635 44569
44577 13385
43488 44585
44615 33374
26232 44655
12753 44741
44782 29710
29504 44796
37997 44848
44870 8998
29537 44873
9785 44887
44906 34346
44943 30106
29571 44989
45029 22638
45054 40751
45077 14003
45086 21505
45106 16686
31221 45119
45139 39816
45151 38207
45172 16718
45202 14787
45255 9014
5814 45343
22862 45443
37089 45535
3951 45561
45578 38973
45618 40851
23010 45625
40389 45630
33770 45723
45734 32846
45734 38710
45740 25384
6136 45769
45821 28271
45848 31164
20088 45854
45860 22051
45905 8159
45935 13708
9602 45971
45972 38844
46014 1163
46050 15621
46062 26751
46066 28119
27345 46082
46086 17250
10398 46093
25116 46101
38400 46102
46153 1400
23926 46177
46226 31371
44419 46312
46357 29021
46371 1628
1418 46399
46405 29860
46408 33686
46429 19557
46441 11613
46448 12146
42231 46456
13367 46479
46492 6355
46499 8892
46505 45897
29664 46522
16227 46535
46597 19832
46634 45344
46660 5687
46677 2442
21748 46781
46808 31636
46891 17358
46927 37296
46943 10577
46946 4077
38826 46981
18177 47146
47158 13455
425 47196
47203 42506
47378 34789
25526 47484
46349 47507
37393 47570
37588 47585
31232 47596
16754 47602
47630 13569
15754 47630
47662 38169
46424 47753
18051 47758
47761 30698
17680 47770
47773 44448
14444 47887
47898 228
19784 47939
47948 21537
47960 4606
46440 47961
21934 47976
34772 48015
8633 48037
46842 48050
48116 11377
48135 45769
23218 48210
13290 48241
48294 40970
48300 25293
11440 48316
46940 48328
48390 34954
19119 48399
16971 48403
48416 2997
36664 48447
45291 48462
44111 48485
17005 48535
48553 4798
48580 32487
11392 48581
9836 48605
33940 48609
25801 48617
15635 48764
19665 48882
25833 48883
12977 48914
34415 48928
22208 48934
10825 48954
48961 7878
26000 48967
48968 34659
14494 49011
49147 26304
49248 3518
26893 49260
49280 38456
49296 19374
49306 23491
7219 49310
36337 49319
8330 49353
49375 11286
2754 49423
33093 49432
49448 13413
41004 49453
49541 14401
49545 34187
49586 38114
41460 49588
49601 7559
26563 49607
17389 49726
49764 42196
49767 35819
15215 49768
10061 49780
33130 49823
24269 49868
3254 49883
49927 41655
49936 45716
49946 25003
937 49996
10125 50024
50025 41626
50034 8979
39467 50038
50042 37822
23652 50050
50111 39955
41393 50128
50132 26732
50136 38708
50147 19037
35138 50182
31064 50183
50205 20099
2886 50230
50316 24138
50336 20455
50362 34609
38458 50364
49151 50373
12082 50445
50449 38668
47016 50449
50481 19175
92 50498
50500 28248
17179 50525
41442 50557
50599 20989
37683 50615
50618 12919
32935 50653
50674 22241
14250 50687
27908 50694
18167 50700
46166 50716
115 50724
50734 45104
38582 50746
50785 2542
24779 50896
50905 45816
50907 47995
17966 50931
50954 27239
50959 26584
24013 51009
1638 51027
51028 24304
10382 51030
51031 32626
51062 35911
51084 47334
51092 20024
5307 51100
33130 51112
51130 4972
51135 24961
9725 51140
51174 47099
34043 51185
37899 51189
51266 18581
48208 51288
51315 40141
51324 7893
47127 51347
25077 51353
51355 10977
34936 51437
51451 37827
51564 19579
25053 51577
51509 51579
51600 27417
6321 51602
51627 31670
51666 46653
51667 19672
51776 26124
47266 51779
51844 39571
51856 937
51867 43786
46965 51868
51869 7993
51879 12099
51880 33585
51885 37471
51889 44947
51903 49629
48903 51955
20242 52068
32945 52090
21505 52114
33602 52126
37506 52136
52150 27330
30664 52157
36721 52160
39957 52161
52238 4333
52241 17710
41930 52244
40679 52271
52281 1247
52324 13575
20211 52339
52370 45072
15579 52380
22888 52420
26665 52449
52469 35896
42297 52519
52547 12909
22302 52557
27942 52606
52615 42116
52646 18226
52646 44235
52658 27689
14480 52712
339 52720
9598 52722
33883 52723
7267 52746
52760 4030
8106 52792
52821 24052
52836 26899
24024 52840
29523 52858
1068 52864
52870 50220
40596 52962
52966 7793
26670 52971
944 53038
8252 53050
4890 53079
28379 53109
53183 40886
53208 44506
30370 53214
53244 50924
31036 53252
43144 53264
7815 53346
53472 4077
53497 23755
34094 53538
6141 53548
36909 53601
50469 53609
23973 53627
41632 53663
7340 53688
53693 11307
53745 37455
29386 53748
1960 53792
53886 36509
53891 28381
53916 6732
53937 1530
53957 675
23997 53986
34839 54001
54017 31889
54094 9467
54127 50757
33123 54163
29781 54167
39786 54191
29405 54229
50382 54237
54243 37552
54249 43868
25192 54266
21604 54268
51006 54290
54293 21578
54307 41382
31908 54315
54349 43462
6518 54382
5139 54391
22983 54413
16390 54444
39078 54459
54504 21861
54514 2435
16720 54535
54561 490
54573 27607
27393 54575
47676 54594
54602 44155
54616 13307
54641 51302
54654 15948
54681 50747
54717 41506
54721 8318
54730 12911
22755 54882
54886 33329
54893 51002
54936 38356
54963 23329
54973 22777
54987 6401
54991 23162
55000 53834
28029 55027
20920 55101
25949 55101
49837 55124
55144 5322
8774 55153
16212 55154
25347 55170
24184 55212
55237 21259
1406 55283
47552 55344
55406 53093
55436 18278
55494 8001
55517 20965
55531 36515
29403 55554
55556 7219
55576 3800
55587 10960
55629 31213
55642 52997
28305 55644
55644 36320
55648 25735
11923 55717
55741 50997
55825 1892
33884 55825
31630 55841
45405 55892
55952 10126
55953 10541
24252 56019
56027 19240
56043 31810
32909 56071
56077 34078
56139 55455
16182 56164
15535 56165
56166 9038
56189 29909
56202 32780
56218 9598
56219 16119
47000 56230
56258 12730
32223 56269
15581 56344
56349 31752
51443 56350
24783 56356
56357 44865
56365 42714
2629 56374
56375 44424
56381 22623
56410 47179
56429 22651
52415 56451
4949 56490
25753 56581
56606 55225
34476 56614
7823 56615
4491 56620
56634 19189
56686 14290
56718 14954
56730 18848
12174 56751
30014 56769
56788 2264
56842 39235
56845 49171
56893 14884
33634 56895
56921 43185
56924 37282
6067 56944
43065 56966
35570 56971
56982 14122
56988 15439
24220 56988
23065 56989
57007 16168
57031 23925
45208 57065
57066 16889
57072 53827
2013 57087
57120 53763
55541 57124
57137 16566
17626 57143
57155 48861
11064 57156
57164 48773
57187 42059
57215 46301
36104 57234
57293 49276
57296 47433
13252 57316
35323 57338
57339 52270
24731 57341
57360 14278
57412 39173
45285 57415
34374 57428
54919 57429
57432 8520
51370 57459
16793 57466
41132 57498
57524 32297
36197 57540
44550 57568
315 57570
21094 57585
57599 22928
16928 57610
3323 57653
57662 26107
57668 31886
12881 57674
57708 28632
48053 57746
57821 9967
15329 57849
57856 40988
17447 57899
57931 53204
48196 57938
10511 57942
57978 10238
57980 54150
58009 57820
31099 58039
876 58055
52672 58063
58122 37504
58149 8895
58159 40906
25039 58179
58197 19595
53511 58276
55356 58285
1428 58294
9589 58320
30595 58320
38459 58329
33045 58337
23385 58350
58362 34912
58390 20742
19366 58419
56747 58425
58427 32435
31628 58463
58069 58487
58488 44068
48293 58533
58552 42837
58607 10743
58612 55040
58227 58638
37243 58641
58680 55905
58690 16260
58717 57877
58723 6906
58748 32051
52802 58756
58769 51808
41548 58827
58861 10911
58920 36568
18733 58924
19538 58925
58931 46925
58934 47851
35537 58958
58970 6303
57327 59040
34450 59047
59060 42101
59083 38506
59096 42548
1294 59175
59218 9489
59257 5627
59269 49755
59294 40255
8636 59317
25573 59319
59407 31341
51549 59450
59476 18395
59516 23317
59519 58490
28902 59543
23428 59555
59560 22990
59589 35554
43359 59592
46640 59596
15181 59600
59611 44542
59631 59530
29565 59642
59648 13759
19639 59740
32256 59757
59851 4188
59991 33073
16942 60096
20388 60111
23277 60114
34912 60128
42098 60141
60143 39739
26478 60274
60280 3233
18197 60314
60352 17420
4856 60358
60380 39181
60405 8433
60456 21637
60479 40079
10978 60529
38757 60544
60555 45693
22461 60561
12479 60596
7631 60614
8878 60626
60673 5293
52491 60712
9693 60732
36184 60741
2449 60757
60762 35401
60810 19182
57005 60821
60823 35031
60866 55087
18290 60880
4931 60922
60929 53875
29502 60930
60934 25267
41544 60937
60953 14125
60962 26702
33918 60994
37390 61009
53588 61088
61092 43591
5017 61141
61146 7659
61177 7805
13019 61204
61205 1422
38109 61303
8521 61384
61403 21649
34350 61430
43633 61436
61445 24384
4061 61478
61487 19123
36867 61501
15475 61504
32114 61551
61563 53468
61578 34913
61623 51367
26899 61641
61647 60163
61670 33296
54391 61764
12029 61817
50156 61844
4992 61988
61989 10196
29859 62019
62022 44554
62057 51128
62085 4
56797 62085
3507 62098
62098 49511
62122 38623
62155 50537
31441 62168
18143 62171
39149 62197
61599 62206
62207 27753
62211 15395
62218 10928
29408 62227
42295 62229
52573 62234
62238 18672
14457 62249
62263 27648
879 62286
62286 24025
62295 14039
38183 62321
62407 22342
30154 62421
49161 62422
62432 39665
62495 45574
9050 62502
62512 44776
39178 62551
62554 40901
46819 62580
55709 62594
276 62619
39305 62621
62633 35557
62696 30649
47440 62705
62769 50873
62771 18139
44575 62774
13506 62825
62833 42354
39634 62865
62873 11928
27563 62876
62910 23636
62916 2754
62916 20642
62926 14170
62948 20185
62951 47198
26092 62971
62994 11002
63012 3088
63012 51717
37070 63067
20390 63093
40766 63144
63235 56452
63270 47899
38144 63277
57918 63310
28950 63345
29967 63353
63454 26866
23400 63482
63506 48856
63552 3959
63566 57826
61353 63582
63591 19295
63602 37998
48644 63603
63622 15514
30902 63624
25554 63702
63704 13933
63710 4407
24438 63780
17019 63785
60566 63802
22641 63811
49466 63824
27815 63825
63878 56308
63910 11565
63976 20780
63979 8552
63983 39250
52076 63984
63986 38237
17934 64044
64057 5724
64106 25033
64114 49379
64146 62420
29598 64158
64160 8972
51553 64167
52002 64296
61738 64305
42690 64311
64316 40810
27462 64339
64351 10463
64371 41369
64418 15595
45892 64419
62062 64428
64430 32651
64438 35322
64438 35881
53383 64446
55861 64453
64455 59598
30593 64461
10067 64510
64510 11805
38081 64516
59359 64517
48532 64520
64526 11777
64549 55771
64581 41343
47591 64613
47847 64621
64640 15671
64698 4491
64701 25380
17913 64706
64733 24901
20341 64749
25153 64762
64794 39734
2044 64814
64879 31236
64896 7503
64897 49856
64905 15130
2548 64945
64954 30203
55576 64970
24329 64990
65078 19212
1694 65145
21898 65157
46486 65179
22568 65224
65201 65238
1355 65242
65252 42394
63908 65274
48553 65285
59776 65299
65332 47177
65375 56922
49730 65405
55674 65418
52681 65420
14579 65424
65427 58806
29729 65435
21651 65466
65474 36879
7201 65486
46438 65526
56937 65531
65538 18679
62086 65570
30270 65579
65597 29790
33526 65604
65604 35746
25649 65617
65644 2099
65657 48009
65664 47055
65717 55673
65750 6291
58333 65826
61436 65840
65875 27106
44009 65887
65894 63912
42944 65929
65929 54012
33943 65936
37743 65955
65964 48114
55149 65964
65965 39082
39770 66001
62598 66023
59994 66086
66147 44486
66151 23435
66177 17147
41095 66233
61385 66262
66280 10485
66284 2399
39821 66295
66310 42286
52301 66330
66365 27019
53305 66373
37825 66406
66419 30016
66446 62275
15736 66456
14140 66458
66461 57097
27533 66471
39001 66497
26561 66512
66550 62908
62903 66573
66654 7272
66673 7702
26735 66685
11207 66713
51485 66715
66721 58357
64575 66748
66769 29303
18166 66806
18072 66821
65638 66830
66831 42589
66868 55469
66898 23442
66898 23989
66914 18824
66920 10870
66927 132
12887 66932
63009 66984
66992 55989
58263 67020
24824 67027
67040 28827
19011 67055
67056 39629
26669 67071
58579 67140
3249 67168
67172 13945
66765 67178
67272 38560
50022 67278
67391 37407
67395 12073
67409 2213
33306 67415
67424 37146
25071 67447
67465 44101
58369 67475
67486 41678
67522 31919
16898 67533
67564 65463
67606 51085
67617 53236
37805 67662
67680 12656
34690 67757
53367 67767
58915 67837
49678 67858
67859 48103
67866 5647
67880 15713
12838 67912
56361 67912
67947 7446
45804 67983
68028 36282
14825 68039
40054 68044
62844 68046
48846 68051
15540 68075
68089 552
68091 48670
68108 6694
8845 68125
67396 68161
24184 68191
68191 67135
19964 68212
68239 7630
68244 18097
39184 68267
7995 68300
68317 68187
13784 68402
68413 1538
27240 68423
68428 59924
68432 1494
26775 68440
68456 13919
68456 55583
68489 44169
68492 8935
68504 30221
65976 68510
68543 42425
53802 68657
59040 68664
68666 30320
68669 207
63556 68707
27680 68749
68763 60398
54625 68817
68831 26748
68864 37583
68869 34650
10276 68888
42160 68898
68901 61662
53743 68905
40538 68907
68933 33552
6357 68975
69000 40350
69011 23014
69012 68690
69021 863
3326 69029
69032 904
24194 69036
69088 15592
13541 69093
39026 69099
20900 69100
69100 46608
44255 69109
69118 19543
41759 69130
51106 69152
5631 69166
42886 69210
69217 55875
69227 38283
13295 69235
68318 69235
64311 69276
69288 23230
69366 22578
65233 69399
69448 37948
42269 69451
69455 16439
50163 69461
69484 54937
34580 69494
19628 69498
69501 34416
45668 69502
69507 65666
32448 69544
7528 69552
69580 2002
69586 22830
69586 25345
69599 904
66151 69621
69095 69635
69667 5450
69693 17430
21937 69734
10140 69737
30707 69751
69807 56837
4361 69858
8576 69874
62452 69894
55144 69907
45422 69909
69914 1011
69921 25985
69929 535
69974 53887
69986 65453
59779 69997
70009 67841
26376 70039
70071 47
41123 70138
70142 34793
37693 70162
70179 44615
70220 44042
53107 70221
2667 70228
63461 70228
34289 70245
69038 70270
4661 70273
70299 44070
15092 70300
70314 40237
16500 70352
22998 70352
70368 3435
45857 70387
70422 48270
46860 70423
32009 70436
70458 55039
64565 70474
70484 58607
70544 34068
70546 49299
48677 70553
21578 70579
7652 70580
38613 70587
70604 34132
48321 70662
70671 54022
70686 20090
62204 70704
70719 8619
43791 70727
70736 51731
49050 70741
51724 70769
70770 10732
70828 3317
70834 3823
20776 70853
70855 50227
70881 27439
70902 48049
55181 70946
70975 70218
11581 70992
65743 70993
58618 71000
59082 71017
71033 240
63979 71038
9351 71040
4583 71050
71057 58067
3292 71156
41346 71170
71238 62177
71269 67504
44964 71278
46484 71279
23588 71308
10799 71382
71405 32485
71426 18746
71492 19661
71492 50420
24413 71510
51347 71523
28046 71538
25604 71576
69041 71589
71609 5600
43862 71634
35541 71650
52547 71654
4724 71677
23307 71708
53392 71712
48459 71724
12992 71749
21483 71759
25559 71774
47232 71824
71841 49394
10881 71894
71899 29548
71899 35339
71917 71044
71918 12673
71950 69249
71967 53830
72000 45556
36720 72022
39784 72046
72048 36568
67478 72058
72061 1621
31772 72131
10433 72133
72161 14145
47394 72161
1064 72202
72205 24789
72207 10482
36208 72211
72211 42642
72235 34569
41668 72241
72243 20888
29616 72321
72328 61955
57526 72330
72354 60179
63797 72369
39979 72371
23013 72375
72428 22214
38796 72429
25657 72457
18617 72491
48927 72497
72502 24746
56310 72522
63223 72522
20447 72615
8573 72617
8318 72626
43491 72653
34332 72671
72673 67656
71956 72703
54343 72757
64087 72773
72818 42051
37288 72820
72864 7659
37867 72877
52547 72880
72916 47252
7246 72944
72966 1249
45596 72985
30574 73018
24565 73022
73034 60596
37982 73052
61550 73066
16185 73073
51518 73085
66155 73107
57936 73128
73130 53782
73161 18610
3048 73172
7939 73190
43259 73191
18042 73203
73211 67386
73214 66888
19565 73222
73240 12722
73302 41876
2411 73313
73354 63976
17239 73364
3714 73377
6689 73392
73403 66149
44718 73433
60031 73471
73472 4656
30084 73526
73533 19197
17870 73540
43602 73556
46727 73560
70756 73568
20837 73611
73620 33803
73645 27270
73660 57900
73672 58977
73680 11140
67551 73706
4233 73731
73738 44831
73745 34365
9283 73754
73761 72269
73780 8536
73788 23735
73789 17474
28896 73809
40473 73836
15516 73853
21905 73855
73862 22316
73887 71450
55444 73900
52215 73906
52347 73928
46811 73931
73957 9041
73959 2173
73965 9059
73978 29880
73983 66720
73988 65681
73991 52969
12369 74011
74015 46170
12992 74045
5779 74049
51265 74065
10055 74089
74090 70898
70844 74099
62296 74106
74146 57387
13188 74172
74192 26142
74222 47132
74281 42779
74301 9088
74302 11304
74304 37709
74325 22983
74330 31645
3899 74364
1579 74397
34742 74441
74464 31379
32522 74466
32222 74470
55927 74483
74502 61494
33421 74514
21251 74525
43493 74544
74549 41899
74626 11637
58316 74629
73699 74631
63036 74640
74667 11232
24943 74673
59557 74676
74683 38851
74691 70623
22752 74736
7977 74737
74742 3086
74777 67187
67921 74791
46711 74814
74817 59530
74818 2975
69382 74833
74834 49786
13860 74852
18034 74854
66245 74881
40708 74917
16231 74936
33095 74946
74964 6258
65534 74968
30628 74971
40342 74978
9574 75015
75046 23541
61097 75050
75070 8184
29311 75103
53628 75148
67436 75156
75173 74046
75206 73447
75226 4550
50704 75234
75259 8773
75259 22795
75266 10977
75270 65491
75287 55820
74950 75305
75326 611
26476 75335
71514 75358
75360 27827
45899 75368
75403 34554
75435 62376
75466 33952
75491 31199
75522 14706
10087 75536
62277 75558
66957 75564
52168 75568
75599 35159
37588 75686
18033 75718
42338 75739
75744 71195
58597 75786
75836 74565
75842 57490
9818 75855
1786 75858
35249 75873
75887 64055
75964 18230
75973 59163
75981 19823
19611 75989
42865 76002
50887 76041
76054 10118
60418 76089
10269 76110
76120 32584
30424 76139
29953 76157
76170 45922
76176 53849
59753 76212
76220 31469
76237 3983
76248 71749
76266 54348
41645 76284
20417 76288
8621 76322
76357 50794
55374 76370
2724 76388
76394 7139
35494 76407
11819 76434
30908 76437
37320 76469
4706 76470
76480 56715
76488 37463
29150 76525
36229 76545
1381 76572
76575 4701
26793 76624
76625 48026
22593 76635
76648 39309
76649 54954
76661 8170
45816 76663
12808 76670
76680 12329
24242 76696
76727 21876
17969 76753
76766 60603
76773 28612
76776 26152
76795 65439
59511 76821
76823 74631
76846 17883
76848 1779
76855 37562
4762 76858
55633 76862
14035 76867
76870 39362
66590 76876
38325 76892
42037 76895
23907 76906
76972 33375
76982 41417
6579 77001
17460 77005
62248 77012
77030 2065
49787 77040
77058 58004
4946 77076
77139 44473
77170 50803
68 77182
73960 77189
77193 56981
24204 77195
77196 57578
47845 77277
77284 47783
11195 77301
72185 77325
67325 77350
77395 19417
8125 77410
77418 1232
2550 77436
77441 76421
77446 57051
77456 45478
77476 68693
14774 77511
77531 21443
77538 69762
77563 15829
18580 77590
25518 77626
77642 25795
1356 77691
49383 77715
72931 77720
15186 77724
77737 34432
55463 77801
77838 53600
47460 77886
77892 7484
77893 34536
77895 35876
19978 77897
7934 77901
77962 64571
57581 77968
77998 32611
78059 29560
78105 37982
40874 78131
44694 78133
78159 56073
78168 59374
43616 78179
78201 33671
75237 78210
52510 78228
50027 78230
78267 48146
22568 78294
78328 49500
78341 7065
17363 78368
41950 78409
78410 33606
78454 37284
25512 78528
29526 78545
26371 78551
50633 78576
78584 60874
76378 78606
78610 15308
32975 78625
78663 34614
78664 49529
78674 73779
60578 78733
78747 42746
62320 78755
41194 78757
55087 78767
78790 2919
14582 78790
78807 62241
17646 78835
78874 18193
14161 78878
78895 51018
78903 11905
13957 78928
72284 78928
75118 78930
78937 76574
59761 79046
79051 69058
12259 79090
70335 79112
79123 32951
71179 79148
79157 12568
79170 29339
18687 79178
79210 55161
18236 79222
79243 20004
79295 78002
16543 79312
79346 23497
19820 79365
79394 20261
79408 68392
52864 79419
18608 79435
53084 79439
48213 79451
50528 79467
35932 79492
46773 79506
79512 42252
38067 79528
7751 79531
79567 11117
79580 41623
79582 2641
79651 34266
51272 79651
79656 22637
3440 79698
53695 79709
25454 79722
30875 79724
31493 79747
79752 16202
38378 79774
79787 60152
79858 39570
79925 43107
36312 79936
40407 79948
5730 79959
80051 54987
80056 27315
80106 21799
80107 32531
78543 80108
63791 80144
42708 80147
80148 56413
64854 80166
80179 51859
80182 10582
80186 72084
80190 66866
80192 3253
15957 80193
29126 80193
22649 80197
64350 80225
53811 80231
72038 80259
33301 80261
80278 46776
55761 80326
80363 38711
80442 36455
80452 8914
23077 80457
50822 80466
35050 80468
8683 80472
39728 80504
80504 73195
80525 41183
80547 42959
80578 61713
47959 80583
62512 80628
80655 3027
45144 80664
80670 18687
80707 37529
80719 42005
9917 80738
30675 80739
80769 24695
27701 80777
41674 80780
80783 31918
26799 80793
22380 80814
80814 59722
11455 80815
80842 64693
80092 80847
80858 73191
80872 36790
80886 33686
24487 80930
63020 80948
13016 80954
36924 80956
80957 22767
68092 80992
74392 81043
81065 64610
81086 63587
39587 81091
81099 44227
49597 81107
81118 13658
63540 81191
81196 5477
81219 1571
81234 51105
81283 58507
81290 59524
81306 56645
957 81379
81389 67930
42783 81399
81405 50611
81425 57399
81442 41853
81461 59106
81465 64628
54832 81476
81504 42307
81519 66404
81558 43366
81589 81203
13658 81599
81605 81061
27248 81607
81614 58616
81621 57996
81631 7285
25750 81680
27195 81705
81707 60598
81708 70380
2773 81722
81731 50743
34080 81744
32577 81745
58637 81753
81777 49342
81813 22978
81822 25585
81828 42239
50285 81867
80437 81869
48334 81875
81883 39604
81891 7146
81913 40639
13916 81921
81922 999
81936 59347
81947 45159
81967 10824
81968 20566
81976 33452
73910 81981
76606 82002
7754 82018
82029 71449
82044 24914
82053 76128
17001 82112
82212 27193
82216 8830
55174 82241
23130 82255
82281 63329
82290 73203
75186 82317
82325 61775
80947 82330
82344 36505
82357 9232
41238 82360
69349 82370
73987 82373
82383 51527
54772 82383
82384 3817
82385 57195
40173 82417
46059 82429
71288 82524
82552 48501
82567 66021
82578 66648
30489 82618
61916 82640
17216 82656
44730 82692
82694 56844
14740 82704
82724 77727
78880 82726
82139 82746
70985 82749
68191 82756
82760 74240
58916 82797
82803 28980
82805 18041
82808 30945
23436 82828
44116 82882
57722 82946
82959 32238
83006 18091
83029 49352
83047 36069
83071 68621
83097 58088
83112 51453
83116 59267
83138 13720
81240 83142
51008 83145
55868 83168
83173 31909
19349 83183
60171 83199
13372 83215
37795 83243
83316 49838
8985 83338
69808 83345
44974 83360
83361 59649
80917 83383
83441 57685
29127 83447
83455 47276
83475 39135
83482 79408
79024 83496
81301 83500
83517 79616
83519 62963
7310 83520
20554 83541
83556 37838
83573 68680
83580 59235
47047 83587
83588 81314
42762 83612
2316 83615
69280 83653
83655 5761
2642 83669
11377 83704
83709 62914
83723 5586
13840 83726
70907 83745
62492 83751
83752 9160
63471 83759
83767 558
83769 39563
83772 53053
33753 83775
1056 83780
83782 70866
83796 43309
5668 83822
11701 83839
22511 83844
48167 83846
10427 83856
76035 83895
48852 83900
17433 83903
83926 79004
83928 48011
83930 19032
83971 33097
83971 67250
83986 35812
84009 75931
84013 23824
79043 84042
72918 84056
84067 70743
84108 79863
84162 35812
51241 84162
24639 84188
84192 71354
84198 65993
27315 84202
84227 29647
3807 84235
84235 23868
84256 52623
45869 84258
2194 84267
11783 84269
31816 84292
84316 59731
81385 84321
52868 84361
84410 35964
70152 84470
84523 27219
20106 84545
84553 2557
84567 75942
3097 84596
84635 72292
84645 49361
54849 84702
84715 19730
83141 84720
78654 84726
83464 84732
12005 84744
84755 27565
84822 82058
25717 84828
70573 84857
40607 84879
48324 84879
84886 54463
73968 84892
84899 20381
84937 81182
82897 84952
21693 84962
73945 84964
55927 84966
84970 42889
85000 40857
85003 33096
75907 85009
22066 85011
85023 54427
85042 81620
46886 85079
85161 55583
85168 64092
85193 62661
85196 23520
85206 59673
85224 36029
85249 31991
59017 85257
85273 7690
85287 28339
85288 27674
85289 71808
23231 85294
85312 28092
74465 85314
85319 20579
47390 85321
85333 25231
85333 81716
42172 85342
85379 16519
85389 49394
85447 10170
40223 85476
85489 78619
85578 60455
85607 15062
85608 57059
29468 85611
83178 85653
85656 84090
85666 80068
47787 85711
85712 41829
85761 49042
85795 6755
85829 48066
1318 85838
31949 85869
74874 85898
80381 85921
85923 21472
85926 71778
85929 70173
8751 85938
65059 85968
41615 85971
85986 65961
51171 85995
86005 55943
83236 86012
25781 86043
86051 41380
86098 26405
84846 86104
14806 86113
86120 671
86120 39299
5969 86133
22803 86147
45030 86164
86166 48143
86167 8332
79902 86187
69997 86254
86257 56291
86273 54055
86274 23194
19102 86296
86306 48071
86319 54859
86346 10818
86354 46597
4525 86359
86385 62295
48575 86393
86426 1242
19367 86441
72698 86450
86490 39964
19013 86495
44323 86496
86514 17547
80097 86530
86543 53766
86546 12089
86567 57966
18790 86599
40070 86620
45788 86638
32910 86644
86653 32818
86666 2891
86667 18573
86674 84131
86677 37146
25938 86689
86703 31458
86726 46393
86731 37957
86759 2574
67267 86762
30109 86799
86857 43875
86862 45426
76596 86862
37621 86889
86904 51106
86905 55852
86920 20708
86922 79613
86923 30516
86934 43805
80467 86953
85637 86982
86983 3643
18186 86991
87027 61690
87032 51689
87037 34036
70620 87049
87072 10793
17997 87082
87088 18178
56622 87120
9309 87135
87146 51292
87147 38431
87155 31885
77427 87157
87160 1568
87193 1887
61806 87200
86458 87206
87217 5313
87229 27274
45992 87239
72151 87240
87269 80641
44169 87277
87281 15894
58183 87301
87305 21314
57368 87341
87344 5353
87353 45346
67888 87357
43904 87370
87372 57913
87376 30783
78842 87381
87405 80771
87415 33000
87439 6004
87474 27718
81531 87474
44259 87480
46371 87481
47013 87535
76042 87536
87558 64690
87621 11346
87636 48693
7831 87640
87640 32292
87642 52199
55409 87653
87667 59107
87681 82584
87682 71054
62852 87701
60121 87741
87782 31447
87821 68281
87840 65471
82101 87853
87896 21359
87952 66278
76391 87960
65160 87963
87966 49264
87967 22008
20124 87972
26549 87988
16307 88004
54068 88005
87765 88018
31577 88020
72875 88028
88042 70384
58727 88054
69329 88063
88073 47785
53704 88075
88085 24865
31193 88091
88106 76219
6613 88118
88162 71373
88162 82934
88165 31633
8616 88170
12432 88202
88229 87399
85704 88233
2091 88268
29424 88269
23015 88288
88292 42938
88304 22991
88304 43900
88308 46897
88310 33306
71618 88326
88332 39105
88376 82625
88401 17154
18579 88405
23477 88406
88434 57284
49608 88440
88453 84455
4609 88474
88474 48835
88483 25262
88538 42412
88538 70263
80285 88555
36990 88561
83090 88580
88581 85986
88589 31176
88598 25750
88615 28271
88642 79866
88655 64525
46773 88656
61928 88665
76724 88719
27166 88722
88723 43608
35015 88726
37244 88737
79668 88740
88773 52365
88781 36654
88802 50539
4151 88807
23285 88816
14788 88832
88856 12170
88872 26892
88071 88910
88926 25601
66142 89023
89038 82891
70211 89039
737 89061
66971 89068
89069 26144
55289 89085
32026 89134
89187 21687
89190 29589
56412 89202
89228 15727
89229 71246
89233 3924
21263 89241
89264 11056
33396 89299
89326 70451
29488 89346
82820 89385
89388 56381
71120 89411
33982 89413
89414 50200
89415 41608
36471 89436
61570 89442
87051 89456
84974 89462
89467 82242
66235 89535
38631 89562
89607 53557
89609 53228
39535 89680
89693 39591
89706 50064
71809 89711
24258 89715
89734 38423
89745 78576
89759 10334
77652 89784
89791 2760
89809 40418
10930 89842
89854 89733
20753 89864
42374 89900
58856 89902
24772 89906
77419 89908
89923 32588
89926 8172
17354 89944
89965 69550
42928 90011
90028 83790
90033 89644
90047 56599
87400 90050
90059 5701
90071 79233
7615 90073
129 90075
68350 90091
83988 90102
90118 18063
90163 31956
90198 4087
90202 57540
31709 90211
90219 7200
11897 90228
79486 90250
77476 90264
77223 90265
90272 3500
73467 90283
90298 60374
90329 40618
90332 6427
90336 1725
90416 67093
14120 90417
90419 82966
79290 90436
90440 5874
90442 40953
51354 90449
67886 90453
7163 90457
31533 90458
33941 90475
90491 13709
34111 90507
30878 90543
90549 58847
3564 90556
90556 68530
43523 90614
90640 23107
90642 30249
90663 83364
90665 24918
44418 90673
88309 90679
36300 90686
90711 80629
25844 90717
90746 48015
90748 28047
80710 90749
25643 90757
90758 2920
90760 60135
90773 1747
62399 90785
90849 20346
9559 90851
29436 90869
90883 55706
85381 90884
90905 78802
15065 90933
90934 12171
40129 90954
90976 18494
90976 40229
90986 69266
91008 19259
12312 91021
91035 30779
166 91062
64569 91077
91109 21588
8032 91121
91136 90730
68677 91139
91161 88556
91173 62517
61626 91190
54092 91205
91233 80615
91262 1149
91282 42872
91282 89945
70110 91354
91355 14912
82584 91367
12496 91369
35534 91370
91382 67486
91386 71291
46705 91402
91402 75587
91414 48344
54263 91421
91431 21388
10216 91432
91436 3531
60280 91456
91471 233
39933 91472
91494 62044
91538 69154
91551 71852
55715 91564
3215 91586
40611 91591
91601 22657
91624 4310
26325 91624
91633 22322
91640 40299
1810 91644
1683 91664
55814 91667
91702 31913
85262 91705
91735 67481
81898 91760
84499 91765
91785 13073
91798 55818
91805 54828
27505 91828
91832 47070
91843 59728
91845 12096
91888 27775
91967 55553
76752 91974
19094 91975
91976 12333
17095 91993
92013 9783
92046 59518
92048 55032
42698 92061
33634 92071
92079 28289
43780 92109
66406 92128
92137 2966
92172 90652
92174 80995
92178 31764
35337 92182
92203 56584
77408 92208
42092 92214
13778 92223
92223 21848
92239 3551
43789 92255
92276 2089
92289 24286
82659 92289
92289 90843
72031 92292
8917 92299
92329 73001
92353 4144
57566 92388
92394 71250
54195 92427
66043 92430
48728 92445
92450 6820
92462 20497
92466 72516
92494 59166
78167 92534
86445 92551
383 92556
92569 37896
92577 55834
92586 13468
92592 66640
92618 3246
92622 45126
48096 92666
90402 92669
30990 92686
92689 39738
32718 92711
